inertia = [210., 0., 0.; 0., 200., 0.; 0., 0., 118.];
w0 = [0.50; 0.02; -0.02];
tf = 100.;
theta0 = [0.;0.;0.];
q0 = [0.;0.;0.;1.];